"Date","Coffee","Milk","Payment","Payment.Date","InOut","Balance"
"2009-10-29",0,0,0,"0",0,0
"2009-12-01",0,0,0,"0",0,0
"2010-01-28",0,0,0,"0",0,0
"2010-03-05",0,0,0,"0",0,0
"2010-04-29",0,0,0,"0",0,0
"2010-08-04",0,0,0,"0",0,0
"2010-09-27",7,7,20,"2010-09-01",18.25,18.25
"2010-11-04",12,12,0,"",-4.8,13.45
"2010-12-07",5,5,0,"",-1.75,11.7
"2011-01-19",5,5,0,"",-2,9.7
"2011-02-23",6,6,0,"",-2.1,7.6
"2011-04-28",3,3,0,"",-1.2,6.4
"2011-06-14",2,2,0,"",-0.8,5.6
"2011-07-15",0,0,0,"",0,5.6
"2011-08-19",1,1,0,"",-0.5,5.1
"2011-09-22",0,0,0,"",0,5.1
"2011-12-06",1,1,0,"",-0.5,4.6
"2012-01-30",0,0,0,"",0,4.6
"2012-04-13",0,0,0,"",0,4.6
"2012-06-13",0,0,0,"",0,4.6
"2012-09-19",2,2,0,"",-1,3.6
"2012-10-06",0,0,0,"",0,3.6
"2012-11-28",0,0,0,"0",0,3.6
"2013-01-28",0,0,0,"",0,3.6
"2013-02-08",0,0,0,"",0,3.6
"2013-04-14",0,0,0,"",0,3.6
