"Date","Coffee","Milk","Payment","Payment.Date","InOut","Balance"
"2009-10-29",0,0,0,"0",0,0
"2009-12-01",0,0,0,"0",0,0
"2010-01-28",0,0,0,"0",0,0
"2010-03-05",0,0,0,"0",0,0
"2010-04-29",0,0,0,"0",0,0
"2010-08-04",0,0,0,"0",0,0
"2010-09-27",0,0,0,"0",0,0
"2010-11-04",0,0,20,"2010-11-01",20,20
"2010-12-07",9,0,0,"",-2.25,17.75
"2011-01-19",10,0,0,"",-2.5,15.25
"2011-02-23",17,0,0,"",-4.25,11
"2011-04-28",14,0,0,"",-3.5,7.5
"2011-06-14",16,0,0,"",-4,3.5
"2011-07-15",8,0,0,"",-2.8,0.7
"2011-08-19",7,0,0,"",-2.45,-1.75
"2011-09-22",5,0,0,"",-1.75,-3.5
"2011-12-06",15,0,0,"",-5.25,-8.75
"2012-01-30",3,0,0,"",-1.05,-9.8
"2012-04-13",7,0,0,"",-2.45,-12.25
"2012-06-13",0,0,0,"",0,-12.25
"2012-09-19",17,0,0,"",-5.95,-18.2
"2012-10-06",0,0,0,"",0,-18.2
"2012-11-28",2,0,0,"0",-0.7,-18.9
"2013-01-28",0,0,0,"",0,-18.9
"2013-02-08",0,0,0,"0",0,-18.9
"2013-04-14",0,0,0,"0",0,-18.9
