"Date","Coffee","Milk","Payment","Payment.Date","InOut","Balance"
"2009-10-29",1,1,10,"2009-10-27",9.75,9.75
"2009-12-01",10,10,0,"",-2.5,7.25
"2010-01-28",16,16,0,"",-4,3.25
"2010-03-05",7,7,0,"",-1.75,1.5
"2010-04-29",31,31,0,"",-7.75,-6.25
"2010-08-04",18,18,23,"2010-05-17",18.5,12.25
"2010-09-27",10,10,0,"",-2.5,9.75
"2010-11-04",15,15,0,"",-6,3.75
"2010-12-07",8,0,0,"",-2,1.75
"2011-01-19",29,0,0,"",-7.25,-5.5
"2011-02-23",17,0,0,"",-4.25,-9.75
"2011-04-28",13,0,0,"",-3.25,-13
"2011-06-14",11,11,20,"2011-05-03",15.6,2.6
"2011-07-15",0,0,0,"",0,2.6
"2011-08-19",0,0,0,"",0,2.6
"2011-09-22",0,0,0,"",0,2.6
"2011-12-06",0,0,5,"2011-12-01",5,7.6
"2012-01-30",0,0,0,"",0,7.6
"2012-04-13",0,0,0,"",0,7.6
"2012-06-13",0,0,0,"",0,7.6
"2012-09-19",0,0,0,"",0,7.6
"2012-10-06",0,0,0,"",0,7.6
"2012-11-28",0,0,0,"0",0,7.6
"2013-01-28",0,0,0,"",0,7.6
"2013-02-08",0,0,0,"",0,7.6
"2013-04-14",0,0,0,"",0,7.6
